

Sequential CPU Scheduling Algorithims! 



First Come First Server Scheduling Algorithm

Process 	 Burst Time 	 Waiting Time 	 Turnaround Time

Process [1] 	 3.00 		 0.00 		 3.00
Process [2] 	 33.00 		 3.00 		 36.00
Process [3] 	 74.00 		 36.00 		 110.00
Process [4] 	 8.00 		 110.00 		 118.00
Process [5] 	 65.00 		 118.00 		 183.00
Process [6] 	 62.00 		 183.00 		 245.00
Process [7] 	 30.00 		 245.00 		 275.00
Process [8] 	 39.00 		 275.00 		 314.00
Process [9] 	 80.00 		 314.00 		 394.00
Process [10] 	 94.00 		 394.00 		 488.00
Process [11] 	 78.00 		 488.00 		 566.00
Process [12] 	 40.00 		 566.00 		 606.00
Process [13] 	 47.00 		 606.00 		 653.00
Process [14] 	 85.00 		 653.00 		 738.00
Process [15] 	 25.00 		 738.00 		 763.00
Process [16] 	 94.00 		 763.00 		 857.00
Process [17] 	 16.00 		 857.00 		 873.00
Process [18] 	 54.00 		 873.00 		 927.00
Process [19] 	 5.00 		 927.00 		 932.00
Process [20] 	 29.00 		 932.00 		 961.00
Process [21] 	 10.00 		 961.00 		 971.00
Process [22] 	 76.00 		 971.00 		 1047.00
Process [23] 	 88.00 		 1047.00 		 1135.00
Process [24] 	 45.00 		 1135.00 		 1180.00
Process [25] 	 73.00 		 1180.00 		 1253.00
Process [26] 	 67.00 		 1253.00 		 1320.00
Process [27] 	 24.00 		 1320.00 		 1344.00
Process [28] 	 4.00 		 1344.00 		 1348.00
Process [29] 	 92.00 		 1348.00 		 1440.00
Process [30] 	 15.00 		 1440.00 		 1455.00
Process [31] 	 91.00 		 1455.00 		 1546.00
Process [32] 	 69.00 		 1546.00 		 1615.00
Process [33] 	 92.00 		 1615.00 		 1707.00
Process [34] 	 39.00 		 1707.00 		 1746.00
Process [35] 	 95.00 		 1746.00 		 1841.00
Process [36] 	 60.00 		 1841.00 		 1901.00
Process [37] 	 19.00 		 1901.00 		 1920.00
Process [38] 	 69.00 		 1920.00 		 1989.00
Process [39] 	 57.00 		 1989.00 		 2046.00
Process [40] 	 57.00 		 2046.00 		 2103.00
Process [41] 	 78.00 		 2103.00 		 2181.00
Process [42] 	 48.00 		 2181.00 		 2229.00
Process [43] 	 76.00 		 2229.00 		 2305.00
Process [44] 	 7.00 		 2305.00 		 2312.00
Process [45] 	 10.00 		 2312.00 		 2322.00
Process [46] 	 95.00 		 2322.00 		 2417.00
Process [47] 	 80.00 		 2417.00 		 2497.00
Process [48] 	 90.00 		 2497.00 		 2587.00
Process [49] 	 87.00 		 2587.00 		 2674.00
Process [50] 	 44.00 		 2674.00 		 2718.00
Process [51] 	 75.00 		 2718.00 		 2793.00
Process [52] 	 48.00 		 2793.00 		 2841.00
Process [53] 	 18.00 		 2841.00 		 2859.00
Process [54] 	 45.00 		 2859.00 		 2904.00
Process [55] 	 75.00 		 2904.00 		 2979.00
Process [56] 	 94.00 		 2979.00 		 3073.00
Process [57] 	 48.00 		 3073.00 		 3121.00
Process [58] 	 57.00 		 3121.00 		 3178.00
Process [59] 	 14.00 		 3178.00 		 3192.00
Process [60] 	 69.00 		 3192.00 		 3261.00
Process [61] 	 31.00 		 3261.00 		 3292.00
Process [62] 	 18.00 		 3292.00 		 3310.00
Process [63] 	 62.00 		 3310.00 		 3372.00
Process [64] 	 34.00 		 3372.00 		 3406.00
Process [65] 	 52.00 		 3406.00 		 3458.00
Process [66] 	 96.00 		 3458.00 		 3554.00
Process [67] 	 18.00 		 3554.00 		 3572.00
Process [68] 	 36.00 		 3572.00 		 3608.00
Process [69] 	 27.00 		 3608.00 		 3635.00
Process [70] 	 80.00 		 3635.00 		 3715.00
Process [71] 	 10.00 		 3715.00 		 3725.00
Process [72] 	 79.00 		 3725.00 		 3804.00
Process [73] 	 47.00 		 3804.00 		 3851.00
Process [74] 	 27.00 		 3851.00 		 3878.00
Process [75] 	 55.00 		 3878.00 		 3933.00
Process [76] 	 90.00 		 3933.00 		 4023.00
Process [77] 	 16.00 		 4023.00 		 4039.00
Process [78] 	 30.00 		 4039.00 		 4069.00
Process [79] 	 67.00 		 4069.00 		 4136.00
Process [80] 	 33.00 		 4136.00 		 4169.00
Process [81] 	 21.00 		 4169.00 		 4190.00
Process [82] 	 71.00 		 4190.00 		 4261.00
Process [83] 	 28.00 		 4261.00 		 4289.00
Process [84] 	 97.00 		 4289.00 		 4386.00
Process [85] 	 62.00 		 4386.00 		 4448.00
Process [86] 	 95.00 		 4448.00 		 4543.00
Process [87] 	 48.00 		 4543.00 		 4591.00
Process [88] 	 97.00 		 4591.00 		 4688.00
Process [89] 	 23.00 		 4688.00 		 4711.00
Process [90] 	 33.00 		 4711.00 		 4744.00
Process [91] 	 27.00 		 4744.00 		 4771.00
Process [92] 	 67.00 		 4771.00 		 4838.00
Process [93] 	 54.00 		 4838.00 		 4892.00
Process [94] 	 84.00 		 4892.00 		 4976.00
Process [95] 	 86.00 		 4976.00 		 5062.00
Process [96] 	 88.00 		 5062.00 		 5150.00
Process [97] 	 75.00 		 5150.00 		 5225.00
Process [98] 	 16.00 		 5225.00 		 5241.00
Process [99] 	 68.00 		 5241.00 		 5309.00
Process [100] 	 48.00 		 5309.00 		 5357.00


Average Waiting Time = 2602.560000
Avgerage Turnaroud Time = 2656.130000


------------------------------------------------------------------------
------------------------------------------------------------------------
Priority Scheduling (Non-Preemptive) Algorithm

Process 	 Burst Time 	 Waiting Time 	 Turnaround Time

Process [8] 	 39.00 		 0.00 		 39.00
Process [13] 	 47.00 		 39.00 		 86.00
Process [15] 	 25.00 		 86.00 		 111.00
Process [18] 	 54.00 		 111.00 		 165.00
Process [21] 	 10.00 		 165.00 		 175.00
Process [23] 	 88.00 		 175.00 		 263.00
Process [29] 	 92.00 		 263.00 		 355.00
Process [34] 	 39.00 		 355.00 		 394.00
Process [36] 	 60.00 		 394.00 		 454.00
Process [39] 	 57.00 		 454.00 		 511.00
Process [41] 	 78.00 		 511.00 		 589.00
Process [43] 	 76.00 		 589.00 		 665.00
Process [44] 	 7.00 		 665.00 		 672.00
Process [45] 	 10.00 		 672.00 		 682.00
Process [47] 	 80.00 		 682.00 		 762.00
Process [49] 	 87.00 		 762.00 		 849.00
Process [55] 	 75.00 		 849.00 		 924.00
Process [56] 	 94.00 		 924.00 		 1018.00
Process [63] 	 62.00 		 1018.00 		 1080.00
Process [64] 	 34.00 		 1080.00 		 1114.00
Process [65] 	 52.00 		 1114.00 		 1166.00
Process [66] 	 96.00 		 1166.00 		 1262.00
Process [67] 	 18.00 		 1262.00 		 1280.00
Process [69] 	 27.00 		 1280.00 		 1307.00
Process [70] 	 80.00 		 1307.00 		 1387.00
Process [71] 	 10.00 		 1387.00 		 1397.00
Process [72] 	 79.00 		 1397.00 		 1476.00
Process [78] 	 30.00 		 1476.00 		 1506.00
Process [80] 	 33.00 		 1506.00 		 1539.00
Process [81] 	 21.00 		 1539.00 		 1560.00
Process [82] 	 71.00 		 1560.00 		 1631.00
Process [84] 	 97.00 		 1631.00 		 1728.00
Process [85] 	 62.00 		 1728.00 		 1790.00
Process [90] 	 33.00 		 1790.00 		 1823.00
Process [93] 	 54.00 		 1823.00 		 1877.00
Process [99] 	 68.00 		 1877.00 		 1945.00
Process [11] 	 78.00 		 1945.00 		 2023.00
Process [46] 	 95.00 		 2023.00 		 2118.00
Process [3] 	 74.00 		 2118.00 		 2192.00
Process [50] 	 44.00 		 2192.00 		 2236.00
Process [52] 	 48.00 		 2236.00 		 2284.00
Process [53] 	 18.00 		 2284.00 		 2302.00
Process [54] 	 45.00 		 2302.00 		 2347.00
Process [17] 	 16.00 		 2347.00 		 2363.00
Process [58] 	 57.00 		 2363.00 		 2420.00
Process [61] 	 31.00 		 2420.00 		 2451.00
Process [19] 	 5.00 		 2451.00 		 2456.00
Process [5] 	 65.00 		 2456.00 		 2521.00
Process [22] 	 76.00 		 2521.00 		 2597.00
Process [6] 	 62.00 		 2597.00 		 2659.00
Process [27] 	 24.00 		 2659.00 		 2683.00
Process [73] 	 47.00 		 2683.00 		 2730.00
Process [75] 	 55.00 		 2730.00 		 2785.00
Process [77] 	 16.00 		 2785.00 		 2801.00
Process [7] 	 30.00 		 2801.00 		 2831.00
Process [31] 	 91.00 		 2831.00 		 2922.00
Process [83] 	 28.00 		 2922.00 		 2950.00
Process [32] 	 69.00 		 2950.00 		 3019.00
Process [87] 	 48.00 		 3019.00 		 3067.00
Process [89] 	 23.00 		 3067.00 		 3090.00
Process [91] 	 27.00 		 3090.00 		 3117.00
Process [92] 	 67.00 		 3117.00 		 3184.00
Process [94] 	 84.00 		 3184.00 		 3268.00
Process [95] 	 86.00 		 3268.00 		 3354.00
Process [96] 	 88.00 		 3354.00 		 3442.00
Process [97] 	 75.00 		 3442.00 		 3517.00
Process [98] 	 16.00 		 3517.00 		 3533.00
Process [68] 	 36.00 		 3533.00 		 3569.00
Process [24] 	 45.00 		 3569.00 		 3614.00
Process [25] 	 73.00 		 3614.00 		 3687.00
Process [26] 	 67.00 		 3687.00 		 3754.00
Process [51] 	 75.00 		 3754.00 		 3829.00
Process [37] 	 19.00 		 3829.00 		 3848.00
Process [74] 	 27.00 		 3848.00 		 3875.00
Process [42] 	 48.00 		 3875.00 		 3923.00
Process [76] 	 90.00 		 3923.00 		 4013.00
Process [12] 	 40.00 		 4013.00 		 4053.00
Process [28] 	 4.00 		 4053.00 		 4057.00
Process [79] 	 67.00 		 4057.00 		 4124.00
Process [2] 	 33.00 		 4124.00 		 4157.00
Process [30] 	 15.00 		 4157.00 		 4172.00
Process [4] 	 8.00 		 4172.00 		 4180.00
Process [57] 	 48.00 		 4180.00 		 4228.00
Process [14] 	 85.00 		 4228.00 		 4313.00
Process [33] 	 92.00 		 4313.00 		 4405.00
Process [86] 	 95.00 		 4405.00 		 4500.00
Process [59] 	 14.00 		 4500.00 		 4514.00
Process [88] 	 97.00 		 4514.00 		 4611.00
Process [60] 	 69.00 		 4611.00 		 4680.00
Process [1] 	 3.00 		 4680.00 		 4683.00
Process [38] 	 69.00 		 4683.00 		 4752.00
Process [62] 	 18.00 		 4752.00 		 4770.00
Process [35] 	 95.00 		 4770.00 		 4865.00
Process [10] 	 94.00 		 4865.00 		 4959.00
Process [20] 	 29.00 		 4959.00 		 4988.00
Process [48] 	 90.00 		 4988.00 		 5078.00
Process [16] 	 94.00 		 5078.00 		 5172.00
Process [40] 	 57.00 		 5172.00 		 5229.00
Process [9] 	 80.00 		 5229.00 		 5309.00
Process [100] 	 48.00 		 5309.00 		 5357.00


Average Waiting Time = 2607.550000
Avgerage Turnaroud Time = 2661.120000


------------------------------------------------------------------------
------------------------------------------------------------------------
Shortest Job First (Non-Preemptive) Algorithm

Process 	 Burst Time 	 Waiting Time 	 Turnaround Time

Process [1] 	 3.00 		 0.00 		 3.00
Process [28] 	 4.00 		 3.00 		 7.00
Process [19] 	 5.00 		 7.00 		 12.00
Process [44] 	 7.00 		 12.00 		 19.00
Process [4] 	 8.00 		 19.00 		 27.00
Process [21] 	 10.00 		 27.00 		 37.00
Process [45] 	 10.00 		 37.00 		 47.00
Process [71] 	 10.00 		 47.00 		 57.00
Process [59] 	 14.00 		 57.00 		 71.00
Process [30] 	 15.00 		 71.00 		 86.00
Process [17] 	 16.00 		 86.00 		 102.00
Process [77] 	 16.00 		 102.00 		 118.00
Process [98] 	 16.00 		 118.00 		 134.00
Process [53] 	 18.00 		 134.00 		 152.00
Process [62] 	 18.00 		 152.00 		 170.00
Process [67] 	 18.00 		 170.00 		 188.00
Process [37] 	 19.00 		 188.00 		 207.00
Process [81] 	 21.00 		 207.00 		 228.00
Process [89] 	 23.00 		 228.00 		 251.00
Process [27] 	 24.00 		 251.00 		 275.00
Process [15] 	 25.00 		 275.00 		 300.00
Process [69] 	 27.00 		 300.00 		 327.00
Process [74] 	 27.00 		 327.00 		 354.00
Process [91] 	 27.00 		 354.00 		 381.00
Process [83] 	 28.00 		 381.00 		 409.00
Process [20] 	 29.00 		 409.00 		 438.00
Process [7] 	 30.00 		 438.00 		 468.00
Process [78] 	 30.00 		 468.00 		 498.00
Process [61] 	 31.00 		 498.00 		 529.00
Process [2] 	 33.00 		 529.00 		 562.00
Process [80] 	 33.00 		 562.00 		 595.00
Process [90] 	 33.00 		 595.00 		 628.00
Process [64] 	 34.00 		 628.00 		 662.00
Process [68] 	 36.00 		 662.00 		 698.00
Process [34] 	 39.00 		 698.00 		 737.00
Process [8] 	 39.00 		 737.00 		 776.00
Process [12] 	 40.00 		 776.00 		 816.00
Process [50] 	 44.00 		 816.00 		 860.00
Process [54] 	 45.00 		 860.00 		 905.00
Process [24] 	 45.00 		 905.00 		 950.00
Process [73] 	 47.00 		 950.00 		 997.00
Process [13] 	 47.00 		 997.00 		 1044.00
Process [52] 	 48.00 		 1044.00 		 1092.00
Process [57] 	 48.00 		 1092.00 		 1140.00
Process [87] 	 48.00 		 1140.00 		 1188.00
Process [42] 	 48.00 		 1188.00 		 1236.00
Process [100] 	 48.00 		 1236.00 		 1284.00
Process [65] 	 52.00 		 1284.00 		 1336.00
Process [18] 	 54.00 		 1336.00 		 1390.00
Process [93] 	 54.00 		 1390.00 		 1444.00
Process [75] 	 55.00 		 1444.00 		 1499.00
Process [39] 	 57.00 		 1499.00 		 1556.00
Process [58] 	 57.00 		 1556.00 		 1613.00
Process [40] 	 57.00 		 1613.00 		 1670.00
Process [36] 	 60.00 		 1670.00 		 1730.00
Process [6] 	 62.00 		 1730.00 		 1792.00
Process [63] 	 62.00 		 1792.00 		 1854.00
Process [85] 	 62.00 		 1854.00 		 1916.00
Process [5] 	 65.00 		 1916.00 		 1981.00
Process [79] 	 67.00 		 1981.00 		 2048.00
Process [26] 	 67.00 		 2048.00 		 2115.00
Process [92] 	 67.00 		 2115.00 		 2182.00
Process [99] 	 68.00 		 2182.00 		 2250.00
Process [60] 	 69.00 		 2250.00 		 2319.00
Process [32] 	 69.00 		 2319.00 		 2388.00
Process [38] 	 69.00 		 2388.00 		 2457.00
Process [82] 	 71.00 		 2457.00 		 2528.00
Process [25] 	 73.00 		 2528.00 		 2601.00
Process [3] 	 74.00 		 2601.00 		 2675.00
Process [55] 	 75.00 		 2675.00 		 2750.00
Process [51] 	 75.00 		 2750.00 		 2825.00
Process [97] 	 75.00 		 2825.00 		 2900.00
Process [22] 	 76.00 		 2900.00 		 2976.00
Process [43] 	 76.00 		 2976.00 		 3052.00
Process [11] 	 78.00 		 3052.00 		 3130.00
Process [41] 	 78.00 		 3130.00 		 3208.00
Process [72] 	 79.00 		 3208.00 		 3287.00
Process [70] 	 80.00 		 3287.00 		 3367.00
Process [9] 	 80.00 		 3367.00 		 3447.00
Process [47] 	 80.00 		 3447.00 		 3527.00
Process [94] 	 84.00 		 3527.00 		 3611.00
Process [14] 	 85.00 		 3611.00 		 3696.00
Process [95] 	 86.00 		 3696.00 		 3782.00
Process [49] 	 87.00 		 3782.00 		 3869.00
Process [23] 	 88.00 		 3869.00 		 3957.00
Process [96] 	 88.00 		 3957.00 		 4045.00
Process [76] 	 90.00 		 4045.00 		 4135.00
Process [48] 	 90.00 		 4135.00 		 4225.00
Process [31] 	 91.00 		 4225.00 		 4316.00
Process [33] 	 92.00 		 4316.00 		 4408.00
Process [29] 	 92.00 		 4408.00 		 4500.00
Process [56] 	 94.00 		 4500.00 		 4594.00
Process [10] 	 94.00 		 4594.00 		 4688.00
Process [16] 	 94.00 		 4688.00 		 4782.00
Process [35] 	 95.00 		 4782.00 		 4877.00
Process [86] 	 95.00 		 4877.00 		 4972.00
Process [46] 	 95.00 		 4972.00 		 5067.00
Process [66] 	 96.00 		 5067.00 		 5163.00
Process [88] 	 97.00 		 5163.00 		 5260.00
Process [84] 	 97.00 		 5260.00 		 5357.00


Average Waiting Time = 1838.250000
Avgerage Turnaroud Time = 1891.820000


------------------------------------------------------------------------
------------------------------------------------------------------------
Round Robin Schedluling

Time quantum: 2

Process 	 Burst Time 	 Waiting Time 	 Turnaround Time

Process [1] 	 3.00 		 201.00 		 198.00
Process [28] 	 4.00 		 253.00 		 249.00
Process [19] 	 5.00 		 433.00 		 428.00
Process [4] 	 8.00 		 600.00 		 592.00
Process [44] 	 7.00 		 671.00 		 664.00
Process [21] 	 10.00 		 822.00 		 812.00
Process [45] 	 10.00 		 863.00 		 853.00
Process [71] 	 10.00 		 912.00 		 902.00
Process [59] 	 14.00 		 1259.00 		 1245.00
Process [17] 	 16.00 		 1374.00 		 1358.00
Process [30] 	 15.00 		 1392.00 		 1377.00
Process [77] 	 16.00 		 1473.00 		 1457.00
Process [98] 	 16.00 		 1512.00 		 1496.00
Process [53] 	 18.00 		 1609.00 		 1591.00
Process [62] 	 18.00 		 1624.00 		 1606.00
Process [67] 	 18.00 		 1634.00 		 1616.00
Process [37] 	 19.00 		 1756.00 		 1737.00
Process [81] 	 21.00 		 1988.00 		 1967.00
Process [27] 	 24.00 		 2074.00 		 2050.00
Process [89] 	 23.00 		 2166.00 		 2143.00
Process [15] 	 25.00 		 2220.00 		 2195.00
Process [69] 	 27.00 		 2453.00 		 2426.00
Process [74] 	 27.00 		 2459.00 		 2432.00
Process [83] 	 28.00 		 2472.00 		 2444.00
Process [91] 	 27.00 		 2484.00 		 2457.00
Process [7] 	 30.00 		 2519.00 		 2489.00
Process [20] 	 29.00 		 2537.00 		 2508.00
Process [78] 	 30.00 		 2616.00 		 2586.00
Process [61] 	 31.00 		 2741.00 		 2710.00
Process [2] 	 33.00 		 2802.00 		 2769.00
Process [64] 	 34.00 		 2886.00 		 2852.00
Process [80] 	 33.00 		 2903.00 		 2870.00
Process [90] 	 33.00 		 2915.00 		 2882.00
Process [68] 	 36.00 		 3028.00 		 2992.00
Process [8] 	 39.00 		 3213.00 		 3174.00
Process [12] 	 40.00 		 3221.00 		 3181.00
Process [34] 	 39.00 		 3246.00 		 3207.00
Process [50] 	 44.00 		 3521.00 		 3477.00
Process [24] 	 45.00 		 3611.00 		 3566.00
Process [54] 	 45.00 		 3649.00 		 3604.00
Process [13] 	 47.00 		 3723.00 		 3676.00
Process [42] 	 48.00 		 3755.00 		 3707.00
Process [52] 	 48.00 		 3768.00 		 3720.00
Process [57] 	 48.00 		 3774.00 		 3726.00
Process [73] 	 47.00 		 3787.00 		 3740.00
Process [87] 	 48.00 		 3802.00 		 3754.00
Process [100] 	 48.00 		 3818.00 		 3770.00
Process [65] 	 52.00 		 3998.00 		 3946.00
Process [18] 	 54.00 		 4057.00 		 4003.00
Process [93] 	 54.00 		 4125.00 		 4071.00
Process [75] 	 55.00 		 4210.00 		 4155.00
Process [39] 	 57.00 		 4279.00 		 4222.00
Process [40] 	 57.00 		 4280.00 		 4223.00
Process [58] 	 57.00 		 4297.00 		 4240.00
Process [36] 	 60.00 		 4371.00 		 4311.00
Process [6] 	 62.00 		 4436.00 		 4374.00
Process [63] 	 62.00 		 4482.00 		 4420.00
Process [85] 	 62.00 		 4496.00 		 4434.00
Process [5] 	 65.00 		 4607.00 		 4542.00
Process [26] 	 67.00 		 4704.00 		 4637.00
Process [79] 	 67.00 		 4739.00 		 4672.00
Process [92] 	 67.00 		 4747.00 		 4680.00
Process [99] 	 68.00 		 4756.00 		 4688.00
Process [32] 	 69.00 		 4787.00 		 4718.00
Process [38] 	 69.00 		 4791.00 		 4722.00
Process [60] 	 69.00 		 4807.00 		 4738.00
Process [82] 	 71.00 		 4882.00 		 4811.00
Process [3] 	 74.00 		 4906.00 		 4832.00
Process [25] 	 73.00 		 4919.00 		 4846.00
Process [22] 	 76.00 		 4980.00 		 4904.00
Process [43] 	 76.00 		 4991.00 		 4915.00
Process [51] 	 75.00 		 4999.00 		 4924.00
Process [55] 	 75.00 		 5000.00 		 4925.00
Process [97] 	 75.00 		 5018.00 		 4943.00
Process [11] 	 78.00 		 5034.00 		 4956.00
Process [41] 	 78.00 		 5047.00 		 4969.00
Process [9] 	 80.00 		 5082.00 		 5002.00
Process [47] 	 80.00 		 5098.00 		 5018.00
Process [70] 	 80.00 		 5105.00 		 5025.00
Process [72] 	 79.00 		 5106.00 		 5027.00
Process [94] 	 84.00 		 5193.00 		 5109.00
Process [14] 	 85.00 		 5210.00 		 5125.00
Process [95] 	 86.00 		 5232.00 		 5146.00
Process [23] 	 88.00 		 5249.00 		 5161.00
Process [49] 	 87.00 		 5259.00 		 5172.00
Process [96] 	 88.00 		 5267.00 		 5179.00
Process [48] 	 90.00 		 5289.00 		 5199.00
Process [76] 	 90.00 		 5292.00 		 5202.00
Process [29] 	 92.00 		 5309.00 		 5217.00
Process [31] 	 91.00 		 5310.00 		 5219.00
Process [33] 	 92.00 		 5312.00 		 5220.00
Process [10] 	 94.00 		 5330.00 		 5236.00
Process [16] 	 94.00 		 5332.00 		 5238.00
Process [56] 	 94.00 		 5333.00 		 5239.00
Process [35] 	 95.00 		 5344.00 		 5249.00
Process [46] 	 95.00 		 5344.00 		 5249.00
Process [66] 	 96.00 		 5344.00 		 5248.00
Process [86] 	 95.00 		 5345.00 		 5250.00
Process [84] 	 97.00 		 5348.00 		 5251.00
Process [88] 	 97.00 		 5348.00 		 5251.00


Average Waiting Time = 3696.650000
Avgerage Turnaroud Time = 3643.080000


------------------------------------------------------------------------
------------------------------------------------------------------------
Shortest Job First Scheduling (Preemptive) Algorithm


Process 	 Burst Time 	 Waiting Time 	 Turnaround Time

Process [1] 	 3.00 		 0.00 		 3.00
Process [2] 	 33.00 		 529.00 		 562.00
Process [3] 	 74.00 		 2601.00 		 2675.00
Process [4] 	 8.00 		 19.00 		 27.00
Process [5] 	 65.00 		 1916.00 		 1981.00
Process [6] 	 62.00 		 1730.00 		 1792.00
Process [7] 	 30.00 		 438.00 		 468.00
Process [8] 	 39.00 		 698.00 		 737.00
Process [9] 	 80.00 		 3287.00 		 3367.00
Process [10] 	 94.00 		 4500.00 		 4594.00
Process [11] 	 78.00 		 3052.00 		 3130.00
Process [12] 	 40.00 		 776.00 		 816.00
Process [13] 	 47.00 		 950.00 		 997.00
Process [14] 	 85.00 		 3611.00 		 3696.00
Process [15] 	 25.00 		 275.00 		 300.00
Process [16] 	 94.00 		 4594.00 		 4688.00
Process [17] 	 16.00 		 86.00 		 102.00
Process [18] 	 54.00 		 1336.00 		 1390.00
Process [19] 	 5.00 		 7.00 		 12.00
Process [20] 	 29.00 		 409.00 		 438.00
Process [21] 	 10.00 		 27.00 		 37.00
Process [22] 	 76.00 		 2900.00 		 2976.00
Process [23] 	 88.00 		 3869.00 		 3957.00
Process [24] 	 45.00 		 860.00 		 905.00
Process [25] 	 73.00 		 2528.00 		 2601.00
Process [26] 	 67.00 		 1981.00 		 2048.00
Process [27] 	 24.00 		 251.00 		 275.00
Process [28] 	 4.00 		 3.00 		 7.00
Process [29] 	 92.00 		 4316.00 		 4408.00
Process [30] 	 15.00 		 71.00 		 86.00
Process [31] 	 91.00 		 4225.00 		 4316.00
Process [32] 	 69.00 		 2250.00 		 2319.00
Process [33] 	 92.00 		 4408.00 		 4500.00
Process [34] 	 39.00 		 737.00 		 776.00
Process [35] 	 95.00 		 4782.00 		 4877.00
Process [36] 	 60.00 		 1670.00 		 1730.00
Process [37] 	 19.00 		 188.00 		 207.00
Process [38] 	 69.00 		 2319.00 		 2388.00
Process [39] 	 57.00 		 1499.00 		 1556.00
Process [40] 	 57.00 		 1556.00 		 1613.00
Process [41] 	 78.00 		 3130.00 		 3208.00
Process [42] 	 48.00 		 1044.00 		 1092.00
Process [43] 	 76.00 		 2976.00 		 3052.00
Process [44] 	 7.00 		 12.00 		 19.00
Process [45] 	 10.00 		 37.00 		 47.00
Process [46] 	 95.00 		 4877.00 		 4972.00
Process [47] 	 80.00 		 3367.00 		 3447.00
Process [48] 	 90.00 		 4045.00 		 4135.00
Process [49] 	 87.00 		 3782.00 		 3869.00
Process [50] 	 44.00 		 816.00 		 860.00
Process [51] 	 75.00 		 2675.00 		 2750.00
Process [52] 	 48.00 		 1092.00 		 1140.00
Process [53] 	 18.00 		 134.00 		 152.00
Process [54] 	 45.00 		 905.00 		 950.00
Process [55] 	 75.00 		 2750.00 		 2825.00
Process [56] 	 94.00 		 4688.00 		 4782.00
Process [57] 	 48.00 		 1140.00 		 1188.00
Process [58] 	 57.00 		 1613.00 		 1670.00
Process [59] 	 14.00 		 57.00 		 71.00
Process [60] 	 69.00 		 2388.00 		 2457.00
Process [61] 	 31.00 		 498.00 		 529.00
Process [62] 	 18.00 		 152.00 		 170.00
Process [63] 	 62.00 		 1792.00 		 1854.00
Process [64] 	 34.00 		 628.00 		 662.00
Process [65] 	 52.00 		 1284.00 		 1336.00
Process [66] 	 96.00 		 5067.00 		 5163.00
Process [67] 	 18.00 		 170.00 		 188.00
Process [68] 	 36.00 		 662.00 		 698.00
Process [69] 	 27.00 		 300.00 		 327.00
Process [70] 	 80.00 		 3447.00 		 3527.00
Process [71] 	 10.00 		 47.00 		 57.00
Process [72] 	 79.00 		 3208.00 		 3287.00
Process [73] 	 47.00 		 997.00 		 1044.00
Process [74] 	 27.00 		 327.00 		 354.00
Process [75] 	 55.00 		 1444.00 		 1499.00
Process [76] 	 90.00 		 4135.00 		 4225.00
Process [77] 	 16.00 		 102.00 		 118.00
Process [78] 	 30.00 		 468.00 		 498.00
Process [79] 	 67.00 		 2048.00 		 2115.00
Process [80] 	 33.00 		 562.00 		 595.00
Process [81] 	 21.00 		 207.00 		 228.00
Process [82] 	 71.00 		 2457.00 		 2528.00
Process [83] 	 28.00 		 381.00 		 409.00
Process [84] 	 97.00 		 5163.00 		 5260.00
Process [85] 	 62.00 		 1854.00 		 1916.00
Process [86] 	 95.00 		 4972.00 		 5067.00
Process [87] 	 48.00 		 1188.00 		 1236.00
Process [88] 	 97.00 		 5260.00 		 5357.00
Process [89] 	 23.00 		 228.00 		 251.00
Process [90] 	 33.00 		 595.00 		 628.00
Process [91] 	 27.00 		 354.00 		 381.00
Process [92] 	 67.00 		 2115.00 		 2182.00
Process [93] 	 54.00 		 1390.00 		 1444.00
Process [94] 	 84.00 		 3527.00 		 3611.00
Process [95] 	 86.00 		 3696.00 		 3782.00
Process [96] 	 88.00 		 3957.00 		 4045.00
Process [97] 	 75.00 		 2825.00 		 2900.00
Process [98] 	 16.00 		 118.00 		 134.00
Process [99] 	 68.00 		 2182.00 		 2250.00
Process [100] 	 48.00 		 1236.00 		 1284.00

Average Waiting Time = 1838.250000
Avgerage Turnaroud Time = 1891.820000

------------------------------------------------------------------------
------------------------------------------------------------------------
Priorioty Scheduling (Preemptive) Algorithm


Process 	 Burst Time 	 Priority 	Waiting Time 	 Turnaround Time

Process [1] 	 3.00 		 3 		 0.00 		 3.00
Process [2] 	 33.00 		 3 		 3.00 		 36.00
Process [3] 	 74.00 		 2 		 1824.00 		 1898.00
Process [4] 	 8.00 		 3 		 36.00 		 44.00
Process [5] 	 65.00 		 2 		 1898.00 		 1963.00
Process [6] 	 62.00 		 2 		 1963.00 		 2025.00
Process [7] 	 30.00 		 2 		 2025.00 		 2055.00
Process [8] 	 39.00 		 1 		 3412.00 		 3451.00
Process [9] 	 80.00 		 3 		 44.00 		 124.00
Process [10] 	 94.00 		 3 		 124.00 		 218.00
Process [11] 	 78.00 		 2 		 2055.00 		 2133.00
Process [12] 	 40.00 		 3 		 218.00 		 258.00
Process [13] 	 47.00 		 1 		 3451.00 		 3498.00
Process [14] 	 85.00 		 3 		 258.00 		 343.00
Process [15] 	 25.00 		 1 		 3498.00 		 3523.00
Process [16] 	 94.00 		 3 		 343.00 		 437.00
Process [17] 	 16.00 		 2 		 2132.00 		 2148.00
Process [18] 	 54.00 		 1 		 3522.00 		 3576.00
Process [19] 	 5.00 		 2 		 2148.00 		 2153.00
Process [20] 	 29.00 		 3 		 436.00 		 465.00
Process [21] 	 10.00 		 1 		 3576.00 		 3586.00
Process [22] 	 76.00 		 2 		 2153.00 		 2229.00
Process [23] 	 88.00 		 1 		 3586.00 		 3674.00
Process [24] 	 45.00 		 3 		 464.00 		 509.00
Process [25] 	 73.00 		 3 		 509.00 		 582.00
Process [26] 	 67.00 		 3 		 582.00 		 649.00
Process [27] 	 24.00 		 2 		 2228.00 		 2252.00
Process [28] 	 4.00 		 3 		 649.00 		 653.00
Process [29] 	 92.00 		 1 		 3673.00 		 3765.00
Process [30] 	 15.00 		 3 		 653.00 		 668.00
Process [31] 	 91.00 		 2 		 2252.00 		 2343.00
Process [32] 	 69.00 		 2 		 2343.00 		 2412.00
Process [33] 	 92.00 		 3 		 668.00 		 760.00
Process [34] 	 39.00 		 1 		 3765.00 		 3804.00
Process [35] 	 95.00 		 3 		 759.00 		 854.00
Process [36] 	 60.00 		 1 		 3803.00 		 3863.00
Process [37] 	 19.00 		 3 		 854.00 		 873.00
Process [38] 	 69.00 		 3 		 873.00 		 942.00
Process [39] 	 57.00 		 1 		 3863.00 		 3920.00
Process [40] 	 57.00 		 3 		 942.00 		 999.00
Process [41] 	 78.00 		 1 		 3920.00 		 3998.00
Process [42] 	 48.00 		 3 		 998.00 		 1046.00
Process [43] 	 76.00 		 1 		 3997.00 		 4073.00
Process [44] 	 7.00 		 1 		 4073.00 		 4080.00
Process [45] 	 10.00 		 1 		 4080.00 		 4090.00
Process [46] 	 95.00 		 2 		 2410.00 		 2505.00
Process [47] 	 80.00 		 1 		 4090.00 		 4170.00
Process [48] 	 90.00 		 3 		 1046.00 		 1136.00
Process [49] 	 87.00 		 1 		 4170.00 		 4257.00
Process [50] 	 44.00 		 2 		 2504.00 		 2548.00
Process [51] 	 75.00 		 3 		 1135.00 		 1210.00
Process [52] 	 48.00 		 2 		 2548.00 		 2596.00
Process [53] 	 18.00 		 2 		 2596.00 		 2614.00
Process [54] 	 45.00 		 2 		 2614.00 		 2659.00
Process [55] 	 75.00 		 1 		 4256.00 		 4331.00
Process [56] 	 94.00 		 1 		 4331.00 		 4425.00
Process [57] 	 48.00 		 3 		 1210.00 		 1258.00
Process [58] 	 57.00 		 2 		 2659.00 		 2716.00
Process [59] 	 14.00 		 3 		 1257.00 		 1271.00
Process [60] 	 69.00 		 3 		 1271.00 		 1340.00
Process [61] 	 31.00 		 2 		 2715.00 		 2746.00
Process [62] 	 18.00 		 3 		 1340.00 		 1358.00
Process [63] 	 62.00 		 1 		 4424.00 		 4486.00
Process [64] 	 34.00 		 1 		 4486.00 		 4520.00
Process [65] 	 52.00 		 1 		 4520.00 		 4572.00
Process [66] 	 96.00 		 1 		 4572.00 		 4668.00
Process [67] 	 18.00 		 1 		 4668.00 		 4686.00
Process [68] 	 36.00 		 3 		 1358.00 		 1394.00
Process [69] 	 27.00 		 1 		 4686.00 		 4713.00
Process [70] 	 80.00 		 1 		 4712.00 		 4792.00
Process [71] 	 10.00 		 1 		 4792.00 		 4802.00
Process [72] 	 79.00 		 1 		 4802.00 		 4881.00
Process [73] 	 47.00 		 2 		 2745.00 		 2792.00
Process [74] 	 27.00 		 3 		 1393.00 		 1420.00
Process [75] 	 55.00 		 2 		 2792.00 		 2847.00
Process [76] 	 90.00 		 3 		 1420.00 		 1510.00
Process [77] 	 16.00 		 2 		 2847.00 		 2863.00
Process [78] 	 30.00 		 1 		 4880.00 		 4910.00
Process [79] 	 67.00 		 3 		 1509.00 		 1576.00
Process [80] 	 33.00 		 1 		 4910.00 		 4943.00
Process [81] 	 21.00 		 1 		 4943.00 		 4964.00
Process [82] 	 71.00 		 1 		 4964.00 		 5035.00
Process [83] 	 28.00 		 2 		 2862.00 		 2890.00
Process [84] 	 97.00 		 1 		 5035.00 		 5132.00
Process [85] 	 62.00 		 1 		 5132.00 		 5194.00
Process [86] 	 95.00 		 3 		 1576.00 		 1671.00
Process [87] 	 48.00 		 2 		 2890.00 		 2938.00
Process [88] 	 97.00 		 3 		 1670.00 		 1767.00
Process [89] 	 23.00 		 2 		 2937.00 		 2960.00
Process [90] 	 33.00 		 1 		 5193.00 		 5226.00
Process [91] 	 27.00 		 2 		 2960.00 		 2987.00
Process [92] 	 67.00 		 2 		 2987.00 		 3054.00
Process [93] 	 54.00 		 1 		 5226.00 		 5280.00
Process [94] 	 84.00 		 2 		 3053.00 		 3137.00
Process [95] 	 86.00 		 2 		 3137.00 		 3223.00
Process [96] 	 88.00 		 2 		 3223.00 		 3311.00
Process [97] 	 75.00 		 2 		 3311.00 		 3386.00
Process [98] 	 16.00 		 2 		 3386.00 		 3402.00
Process [99] 	 68.00 		 1 		 5279.00 		 5347.00
Process [100] 	 48.00 		 3 		 1766.00 		 1814.00

Average Waiting Time = 2638.510000
Avgerage Turnaroud Time = 2692.080000

------------------------------------------------------------------------

 *** Total time of execution: 0.007066s *** 
